0.000000 1.000000 1.000000 0.000000 
0.500 0.877579885364809 0.877582561890373 5.000000e-01 
1.000 0.540292255072689 0.540302305868140 5.000000e-01 
1.500 0.070716884336498 0.070737201667703 5.000000e-01 
2.000 -0.416177799073959 -0.416146836547142 5.000000e-01 
2.500 -0.801182995614069 -0.801143615546934 5.000000e-01 
3.000 -0.990036005645165 -0.989992496600445 5.000000e-01 
3.500 -0.936499025832650 -0.936456687290796 5.000000e-01 
4.000 -0.653679776002073 -0.653643620863612 5.000000e-01 
4.500 -0.210822272178126 -0.210795799430780 5.000000e-01 
5.000 0.283646523507686 0.283662185463226 5.000000e-01 
5.500 0.708663404669344 0.708669774291260 5.000000e-01 
6.000 0.960169415816540 0.960170286650366 5.000000e-01 
6.500 0.976587113841652 0.976587625728023 5.000000e-01 
7.000 0.753896873680895 0.753902254343305 5.000000e-01 
7.500 0.346621032719266 0.346635317835026 5.000000e-01 
8.000 -0.145525078934302 -0.145500033808614 5.000000e-01 
8.500 -0.602046928951322 -0.602011902684824 5.000000e-01 
9.000 -0.911172046691490 -0.911130261884677 5.000000e-01 
9.500 -0.997215822216630 -0.997172156196378 5.000000e-01 
10.000 -0.839111738396607 -0.839071529076452 5.000000e-01 
