-5.000000 0.000000 0.000000 0.500000 
-4.500 0.000000000000000 0.000000000000000 1.000000e+00 
-3.500 0.000000000000000 0.000000000000000 2.000000e+00 
-1.500 0.000032545726407 0.000013007297654 4.000000e+00 
-0.500 0.282478406482492 0.286504796860190 1.000000e+00 
0.500 0.282478406482492 0.286504796860190 2.000000e+00 
1.500 0.000032545726407 0.000013007297654 1.000000e+00 
2.500 0.000014974140542 0.000000000000027 2.000000e+00 
4.500 0.000014974140430 0.000000000000000 4.000000e+00 
5.000 0.000014974140430 0.000000000000000 1.000000e+00 
